"ID"	"Gender"	"Year"	"Y4_Formative"	"Y4_Final"	"RP_Proposal"	"Events"	"Optional"
10445	1	4	75.06	83.64	2016-04-01	5	2
10790	2	4	78.53	84.02	2016-05-05	12	0
10611	2	4	79.56	86.85	2016-04-02	9	4
10226	2	4	77.89	83.85	2016-01-16	9	0
10372	2	4	82.43	89.05	2015-09-07	7	0
10708	2	4	84.16	91.89	2016-04-08	7	1
10966	1	4	83.44	84.3	2015-11-11	7	0
10637	2	4	80.97	97.17	2015-12-10	9	1
10355	1	4	76.79	80.29	2016-01-25	13	1
10884	1	4	76.53	86.69	2016-01-20	11	2
10610	2	4	71.81	72.25	2015-09-05	6	4
10871	2	4	73.38	88.04	2015-09-25	5	3
10552	2	4	71.49	86.89	2016-02-25	7	3
10492	2	4	79.32	86.41	2016-03-20	8	4
10056	2	4	76.67	93.89	2016-03-15	5	3
10309	1	3	75.88	79	2016-01-28	10	2
10622	2	4	78.7	87.08	2016-04-04	4	1
10813	2	4	82.7	91.31	2015-12-10	6	1
10913	2	4	70.66	78.23	2015-11-08	6	5
10502	1	4	79.46	82.31	2016-03-05	6	3
10272	3	4	74.47	79.01	2016-06-07	10	0
10530	1	3	79.09	79.88	2016-04-29	0	0
10695	2	4	77.16	84.42	2015-10-05	13	0
10045	2	4	79.5	86.23	2016-02-18	3	0
10794	1	4	85.73	96.84	2015-11-29	13	0
10198	2	4	82.69	89.97	2015-11-18	10	0
10493	2	4	74.41	78.08	2016-02-11	8	2
10019	2	4	75.58	77.46	2016-03-22	11	0
10894	2	4	75.18	83.26	2015-09-04	11	4
10924	1	4	76.19	80.99	2016-04-25	8	0
10417	1	4	75.1	88.63	2016-01-08	6	0
10592	2	4	80.34	86.27	2016-03-02	8	0
11000	1	4	82.8	93.59	2016-03-15	8	1
10049	1	4	79.21	83.28	2016-01-27	11	4
10407	2	4	72.86	91	2016-02-02	12	3
10312	2	4	78.36	87.08	2015-11-14	7	1
10945	2	4	84.22	91.09	2016-01-13	10	0
10252	2	4	85.26	89.55	2016-04-18	1	3
10332	2	4	80.12	92.63	2015-12-07	7	1
10570	2	4	78.25	82.44	2015-11-10	5	0
10153	2	4	76.7	83.45	2015-09-09	1	0
10351	2	4	76.94	85.69	2016-02-11	4	3
10248	1	4	79.91	83.8	2016-05-18	5	1
10211	2	4	76.59	88.6	2015-10-24	1	1
10524	1	4	78.34	88.26	2016-02-04	5	0
10183	1	4	77.19	89.96	2015-12-03	13	2
10892	1	4	82.27	89.37	2016-06-01	12	0
10972	2	4	78.93	81.48	2016-05-02	1	3
10080	2	4	76.53	76.93	2016-05-09	4	5
10376	1	4	79.99	86.02	2015-12-20	11	3
10644	2	4	76.26	80.47	2015-11-10	10	2
10573	2	4	80.93	91.26	2016-01-29	5	0
10701	2	4	79.19	87.87	2015-12-24	7	0
10554	2	4	75.96	84.94	2016-03-03	2	1
10866	2	4	75.96	93.46	2016-01-05	10	3
10733	1	4	75.44	86.63	2015-11-23	5	2
10572	2	4	76.25	83.84	2016-03-29	1	0
10390	2	4	76.27	82.43	2016-02-26	13	0
10955	1	4	76.22	84.76	2015-12-02	12	2
10777	2	4	74.52	88.21	2016-04-11	9	1
10108	1	4	73.6	79.33	2016-04-30	3	1
10100	2	4	77.07	85.7	2015-11-22	2	1
10251	1	4	75.44	82.54	2015-12-02	6	5
10707	1	4	79.99	84.54	2015-12-21	12	5
10593	1	4	72.98	82.39	2015-09-16	9	0
10948	1	4	69.82	73.51	2015-11-28	0	2
10244	2	4	85.45	97.16	2016-02-27	3	3
10754	2	4	81.7	86.21	2016-05-06	12	0
10961	2	4	76.3	86.14	2015-09-08	8	0
10435	2	4	70.41	79.97	2016-02-14	12	3
10965	1	4	80.1	87.11	2016-06-07	1	2
10095	1	4	84.07	89.69	2016-05-29	10	5
10292	1	4	77.59	86.96	2015-11-08	12	0
10369	2	4	76.37	82.91	2015-11-20	13	2
10896	1	4	79.03	82.78	2015-11-21	3	1
10007	2	4	82.93	81.66	2016-02-18	7	3
10952	2	4	74.95	80.1	2016-05-14	2	2
10511	2	4	74.95	82.97	2016-03-31	13	0
10278	2	4	82.57	88.13	2015-12-15	10	1
10812	1	4	77.2	80.72	2016-05-23	3	2
10247	1	4	75.91	79.77	2016-04-26	11	0
10051	1	4	73.67	79.21	2016-02-19	4	2
10864	2	4	77.66	87.06	2015-11-08	0	3
10773	2	4	77.26	90.69	2015-12-10	2	0
10618	2	4	79.3	86.47	2015-12-20	8	0
10458	2	4	79.03	92.27	2015-09-25	0	0
10142	2	4	81.86	96.77	NA	12	0
10497	2	4	80.09	84.6	2016-04-02	2	0
10240	1	4	74.08	78.13	2016-02-05	0	5
10213	2	4	77.33	88.42	2015-12-13	10	5
10625	2	4	75.57	88.44	2016-01-11	2	2
10236	2	4	74.16	76.95	2015-10-28	7	0
10988	2	4	77.8	88.18	2016-03-02	3	0
10765	2	4	80.01	85.69	2015-12-02	2	1
10333	1	4	84.14	85.48	2016-02-10	9	0
10823	2	4	81.78	82.65	2015-10-03	3	3
10761	2	4	76.87	88.78	2016-01-03	6	3
10649	1	4	79.64	81.44	2015-12-13	4	5
10589	1	4	74.26	81.34	2015-10-17	0	4
10760	1	4	77.21	80.22	2015-11-08	1	1
10817	2	4	80.46	86.55	2015-10-11	5	0
10106	2	4	79.91	93.24	2016-04-24	2	1
10469	1	4	74.11	79.78	2015-09-30	13	2
10779	1	4	81.87	88.25	2015-11-09	7	2
10501	1	4	80.75	79.65	2015-09-29	10	3
10814	2	4	77.27	82.41	2015-11-08	11	0
10803	1	4	72.36	76.32	2016-03-18	9	2
10832	2	4	71.76	87.59	2016-02-04	3	0
10336	2	4	75.16	75.86	2015-10-05	7	2
10158	2	4	80.06	82.68	2016-01-29	8	5
10326	1	4	75.22	86.01	2016-05-06	2	0
10796	2	4	76.69	88.17	2016-05-04	6	4
10159	2	4	79	85.79	2015-11-09	10	0
10557	1	4	85.97	85.39	2016-04-21	1	0
10428	1	4	76.97	86.08	2016-05-06	12	0
10297	2	4	72.73	84.08	2015-09-20	6	0
10696	1	4	73.56	79.19	2016-05-29	10	1
10726	1	4	81.67	86.58	2016-02-20	13	0
10339	2	4	81.83	89.07	2016-02-25	2	2
10346	2	4	76.75	84.76	2015-12-18	8	0
10209	1	4	83.16	91.1	2016-04-24	8	5
10776	1	4	77.26	87.13	2015-12-24	1	2
10167	2	4	77.21	81.96	2016-02-04	8	3
10939	1	4	79.79	87.91	2016-01-17	2	0
10335	1	4	69.63	83.55	2016-03-27	12	0
10076	2	4	76.68	84.11	2015-11-22	0	0
10352	2	4	80.2	87.11	2016-02-19	0	0
10363	2	4	72.21	80.65	2016-03-10	3	0
10739	2	4	74.34	83.77	2015-11-29	0	5
10001	2	4	75.14	79.99	2016-06-01	11	0
10195	2	4	77.61	82.32	2015-09-03	13	0
10749	1	4	78.6	85.33	2016-03-20	4	2
10617	2	4	76.63	82.15	2015-12-07	8	5
10206	2	4	76.97	83.16	2016-03-01	10	0
10714	1	4	78.57	84.66	2016-05-15	6	5
10537	2	4	74.47	82.25	2016-03-05	4	0
10364	1	4	81.01	83.21	2015-12-12	12	0
10032	2	4	78.34	86.92	2015-10-31	9	2
10861	2	4	81.56	88.01	2015-12-24	8	0
10553	2	4	75.9	82.86	2015-09-14	13	2
10968	2	4	79.16	89.41	2016-02-18	13	0
10010	2	4	79.76	87.11	2016-03-03	11	3
10105	1	4	70.52	78.41	2016-03-31	5	2
10072	1	4	81.33	82.93	2015-12-26	9	0
10457	1	4	76.7	81.8	2016-01-11	12	1
10541	2	4	76.51	86.23	2016-01-14	1	2
10860	1	4	75.93	82.07	2016-05-24	8	0
10098	2	4	74.29	79.96	2015-10-21	13	0
10703	1	4	78.62	84.78	2015-10-19	13	2
10055	2	4	79.81	85.56	2015-09-14	0	0
10806	2	4	77.82	82.71	2015-11-24	8	3
10387	2	4	76.56	85.11	2015-10-25	6	2
10345	2	4	76.39	88.83	2016-04-25	7	4
10415	2	4	79.25	82.59	2016-02-01	2	2
10693	1	4	74.95	83.34	2015-12-16	9	0
10856	1	4	84.25	91.99	2016-05-01	11	0
10101	2	4	81.91	91.36	2015-12-22	4	4
10404	1	4	75.55	88.31	2016-02-03	9	0
10857	2	4	80	85.32	2016-05-20	6	0
10030	2	4	79.31	88.39	2016-01-23	4	2
10778	1	4	72.45	84.17	2016-03-12	0	0
10162	2	4	79.84	83.37	2016-01-23	9	4
10381	2	4	84.29	89.8	2015-09-10	2	0
10088	1	4	75.77	84.73	2015-10-13	6	0
10725	1	4	78.5	83.26	2016-01-30	5	2
10694	2	4	73.04	79.85	2016-01-27	10	3
10324	2	4	75.82	84.37	2016-01-21	10	0
10691	2	4	77.13	80.95	2016-01-26	13	5
10488	2	4	80.91	89.39	2015-12-15	12	1
10231	2	4	72.42	81.26	2016-02-21	6	0
10083	2	4	74.22	81.62	2016-02-11	6	4
10268	2	4	82.97	89.6	2015-12-03	9	2
10781	1	4	79.43	85.56	2016-03-25	7	2
10269	1	4	71.89	77.9	2015-12-10	11	1
10970	2	4	72.65	86.18	2015-12-21	10	2
10472	1	4	78.17	88.81	2016-02-09	1	0
10689	2	4	80.19	84.34	2015-12-11	6	3
10044	2	4	78.27	82.32	2016-05-26	9	2
10384	2	4	79.87	81.46	2015-09-07	5	2
10168	1	4	78.99	82.63	2015-10-11	11	0
10126	2	4	71.46	80.9	2015-10-25	3	0
10388	2	4	79.88	90.08	2016-05-26	3	0
10873	2	4	78.86	90.55	2015-09-23	13	0
10425	2	4	79.63	90.88	2016-02-22	10	0
10576	2	4	80.54	79.01	2015-11-01	13	2
10520	1	4	79.53	77.13	2015-12-20	9	2
10791	2	4	85.33	97.54	2016-03-20	7	3
10721	2	4	80.39	85.75	2015-11-01	11	3
10745	1	4	76.23	82.89	2015-12-17	2	5
10539	2	4	78.01	84.07	2016-06-07	13	5
10561	2	4	77.98	79.66	2016-04-29	13	3
10676	2	4	81.5	85.71	2016-02-09	12	0
10527	2	4	80.84	84.05	2016-02-09	5	5
10926	1	4	79.08	85.84	2015-11-21	10	2
10534	2	4	79.8	83.97	2015-09-11	12	0
10752	1	4	75.91	77.02	2015-12-26	4	0
10563	2	4	80.88	84.96	2015-10-15	5	0
10793	2	4	83.93	88.5	2016-02-03	1	3
10079	1	4	82.61	84.91	2016-03-24	4	1
10512	2	4	81.6	80.19	2016-05-09	7	1
10061	2	4	75.84	79.84	2015-12-06	11	5
10934	2	4	75.99	84.01	2015-11-27	10	1
10192	1	4	80.18	95.69	2015-11-24	4	3
10255	2	4	73.95	78.66	2015-09-05	9	4
10704	2	4	75.65	86.23	2015-12-05	10	0
10118	2	4	84.01	93.04	2015-12-24	0	5
10235	1	4	77.25	93	2016-04-26	9	0
10216	1	4	76.46	82.91	2015-09-07	10	0
10139	2	4	80.39	92.56	2016-03-25	13	2
10154	2	4	76.49	85.69	2015-12-01	12	0
10711	1	4	78.42	83.65	2016-02-16	12	4
10024	2	4	76.55	86.02	2016-04-28	7	2
10004	1	3	83.97	95.98	NA	0	3
10898	2	4	76.28	80.33	2015-09-30	8	1
10528	1	4	80.21	89.5	2016-05-12	10	0
10901	2	4	75.86	82.2	2016-01-08	5	1
10377	2	4	76.74	81.83	2016-03-03	0	0
10994	2	4	75.87	78.28	2015-12-22	11	3
10237	1	4	77.59	84.21	2015-10-13	9	2
10575	1	4	72.42	86.61	2015-10-10	11	2
10413	1	4	79.55	86.94	2016-03-21	6	0
10144	2	4	71.29	80.84	2015-09-13	2	0
10041	1	4	75.62	78.29	2016-01-25	12	3
10635	2	4	77.71	81.26	2015-09-16	4	0
10588	2	4	82.07	82.74	2015-12-10	1	5
10899	2	4	69.02	78.02	2016-02-27	4	0
10421	1	4	74.79	81.43	2015-12-31	5	2
10431	2	4	82.23	82.62	2016-03-21	1	2
10720	1	4	75.05	79.41	2016-04-30	5	0
10077	2	4	79.82	80.67	2016-03-30	8	4
10591	2	4	80.22	86.8	2016-01-01	10	1
10504	2	4	80.81	85.69	2015-10-18	4	0
10786	2	4	74.65	80.84	2015-10-26	12	3
10395	1	4	77.43	84.71	2015-11-13	9	2
10454	1	4	80.66	83.12	2015-12-09	1	1
10037	2	4	79.91	81.28	2016-01-05	9	4
10542	2	4	69.18	84.27	2015-12-03	2	3
10175	2	4	82.12	90.73	2016-05-01	2	1
10840	2	4	79.53	89.4	2016-02-16	4	0
10194	2	4	75.94	85.59	2015-12-21	6	2
10133	1	4	83.16	87.72	2015-12-17	1	2
10560	1	4	77.92	83.06	2015-09-18	1	0
10005	2	4	80	86.84	2015-09-17	6	1
10441	1	4	75.77	84.64	2015-11-25	0	2
10719	2	4	73.95	82.93	2016-01-05	7	0
10975	1	4	70.19	78.46	2016-02-25	3	1
10319	1	4	72.45	81.15	2016-03-27	2	3
10902	1	4	80.13	88.12	2016-02-18	1	1
10109	2	4	69.04	77.42	2016-03-09	4	1
10818	2	4	77.57	86.06	2016-01-04	3	2
10888	1	4	74.26	81.15	2016-01-27	6	0
10624	1	4	76.1	80.33	2016-05-16	2	1
10437	2	4	73.17	78.48	2016-02-26	7	0
10190	1	4	83.25	93.47	2016-01-04	6	0
10334	1	4	70.98	81.85	2015-10-19	6	1
10764	1	4	80.22	91.77	2015-10-05	12	3
